9
81 -3240 41580 -249480 810810 -1513512 1621620 -926640 218790
-3240 172800 -249480 15966720 -54054000 103783680 -113513400 65894400 -15752880
41580 -249480 38419920 -256132800 891891000 -1748106360 1942340400 -1141620480 275675400
-249480 15966720 -256132800 1756339200 -6243237000 12430978560 -13984850880 8302694400 -2021619600
810810 -54054000 891891000 -6243237000 22545022500 -45450765360 51648597000 -30918888000 7581073500
-1513512 103783680 -1748106360 12430978560 -45450765360 92554285824 -106051785840 63930746880 -15768632880
1621620 -113513400 1942340400 -13984850880 51648597000 -106051785840 122367445200 -74205331200 18396738360
-926640 65894400 -1141620480 8302694400 -30918888000 63930746880 -74205331200 45229916160 -11263309200
218790 -15752880 275675400 -2021619600 7581073500 -15768632880 18396738360 -11263309200 2815827300
